IID sex pheno age
case001 0 1 23
case002 1 1 30
case003 1 1 13
case004 0 1 42
case005 0 1 42
case006 1 1 43
case007 0 1 22
case008 1 1 24
case009 0 1 28
case010 0 1 22
case011 0 1 38
case012 0 1 30
case013 0 1 16
case014 0 1 55
case015 1 1 30
case016 0 1 32
case017 0 1 52
case018 1 1 41
case019 1 1 43
case020 1 1 12
case021 0 1 50
case022 1 1 21
case023 0 1 46
case024 0 1 44
case025 1 1 47
case026 0 1 28
case027 0 1 32
case028 0 1 54
case029 1 1 52
case030 0 1 11
case031 1 1 52
case032 1 1 34
case033 1 1 15
case034 1 1 35
case035 1 1 34
case036 0 1 42
case037 1 1 34
case038 0 1 30
case039 1 1 21
case040 0 1 28
case041 0 1 48
case042 0 1 38
case043 1 1 51
case044 0 1 55
case045 1 1 28
case046 1 1 45
case047 0 1 36
case048 0 1 50
case049 1 1 30
case050 1 1 38
case051 1 1 36
case052 1 1 41
case053 1 1 51
case054 0 1 30
case055 0 1 52
case056 1 1 27
case057 0 1 31
case058 1 1 26
case059 0 1 15
case060 0 1 38
case061 0 1 45
case062 1 1 43
case063 1 1 53
case064 0 1 10
case065 1 1 46
case066 1 1 27
case067 1 1 53
case068 1 1 17
case069 1 1 47
case070 0 1 29
case071 1 1 54
case072 1 1 43
case073 0 1 50
case074 1 1 53
case075 0 1 12
case076 0 1 50
case077 0 1 19
case078 0 1 45
case079 0 1 31
case080 1 1 54
case081 1 1 41
case082 0 1 38
case083 0 1 36
case084 1 1 42
case085 1 1 25
case086 1 1 28
case087 0 1 26
case088 0 1 23
case089 1 1 11
case090 1 1 38
case091 1 1 24
case092 0 1 36
case093 1 1 50
case094 1 1 13
case095 0 1 22
case096 0 1 42
case097 0 1 52
case098 1 1 47
case099 0 1 19
case100 0 1 23
cont001 0 0 25
cont002 0 0 42
cont003 1 0 30
cont004 0 0 46
cont005 0 0 49
cont006 0 0 31
cont007 1 0 47
cont008 1 0 11
cont009 1 0 50
cont010 0 0 43
cont011 1 0 28
cont012 1 0 21
cont013 1 0 39
cont014 1 0 13
cont015 1 0 34
cont016 1 0 50
cont017 0 0 38
cont018 1 0 11
cont019 1 0 54
cont020 0 0 44
cont021 0 0 43
cont022 0 0 53
cont023 1 0 10
cont024 0 0 48
cont025 0 0 50
cont026 0 0 21
cont027 1 0 12
cont028 1 0 51
cont029 1 0 54
cont030 0 0 41
cont031 1 0 33
cont032 1 0 50
cont033 0 0 26
cont034 0 0 19
cont035 0 0 36
cont036 0 0 16
cont037 0 0 51
cont038 1 0 17
cont039 1 0 38
cont040 1 0 11
cont041 0 0 52
cont042 0 0 20
cont043 1 0 25
cont044 0 0 11
cont045 0 0 30
cont046 1 0 27
cont047 1 0 54
cont048 1 0 45
cont049 0 0 36
cont050 0 0 50
cont051 1 0 35
cont052 0 0 20
cont053 1 0 39
cont054 1 0 49
cont055 1 0 13
cont056 0 0 15
cont057 0 0 30
cont058 0 0 36
cont059 0 0 16
cont060 1 0 19
cont061 0 0 38
cont062 0 0 13
cont063 0 0 39
cont064 1 0 37
cont065 1 0 45
cont066 1 0 10
cont067 0 0 42
cont068 0 0 38
cont069 0 0 34
cont070 0 0 47
cont071 0 0 45
cont072 0 0 23
cont073 1 0 51
cont074 1 0 14
cont075 1 0 18
cont076 1 0 40
cont077 0 0 16
cont078 1 0 23
cont079 0 0 10
cont080 1 0 10
cont081 0 0 36
cont082 0 0 18
cont083 1 0 48
cont084 0 0 48
cont085 1 0 45
cont086 1 0 43
cont087 0 0 18
cont088 1 0 48
cont089 1 0 22
cont090 1 0 36
cont091 1 0 49
cont092 1 0 47
cont093 1 0 47
cont094 0 0 33
cont095 0 0 50
cont096 0 0 36
cont097 1 0 53
cont098 0 0 27
cont099 0 0 43
cont100 1 0 41
